10038 0.2558498680591583
523 0.2613169848918915
2237 0.261683851480484
2034 0.2638756036758423
6985 0.26739776134490967
2438 0.26824238896369934
1848 0.2690131664276123
621 0.2707349956035614
3154 0.27085137367248535
9532 0.27147942781448364
3647 0.2734358310699463
4188 0.2737443447113037
9567 0.27377378940582275
9629 0.27399829030036926
1874 0.2749389410018921
1223 0.2755415737628937
8884 0.2759927213191986
7274 0.27605941891670227
1196 0.27679330110549927
5880 0.2768707573413849
11220 0.27907824516296387
489 0.2810593247413635
4210 0.2815479040145874
2960 0.28411105275154114
2230 0.28492751717567444
4148 0.2860771715641022
8269 0.28681740164756775
10748 0.28696951270103455
8628 0.2872409522533417
7825 0.28761762380599976
5979 0.2876461446285248
7294 0.28824999928474426
9867 0.28825655579566956
167 0.28871217370033264
6235 0.2888335883617401
2186 0.28889453411102295
7874 0.2895934283733368
5213 0.28988412022590637
6203 0.2904044985771179
12313 0.2919439971446991
10225 0.29215213656425476
9678 0.2924128472805023
2872 0.2928650379180908
2206 0.29299166798591614
10435 0.29352906346321106
11440 0.2939678132534027
12505 0.2944462299346924
1425 0.2954687476158142
3708 0.2955278754234314
9264 0.29590025544166565
8448 0.29643452167510986
4243 0.2966242730617523
6785 0.29690849781036377
732 0.2977626621723175
6564 0.2977973222732544
5142 0.29791000485420227
681 0.2979552149772644
353 0.29819291830062866
4169 0.2984367907047272
8672 0.2984772026538849
12176 0.29872915148735046
11614 0.29896625876426697
10370 0.29945507645606995
3668 0.29948651790618896
7458 0.29962536692619324
1074 0.30012574791908264
8573 0.3006824254989624
8845 0.3007783889770508
417 0.30080944299697876
10170 0.30113813281059265
8586 0.3012046813964844
9642 0.301364541053772
8477 0.30150821805000305
4343 0.30198511481285095
6459 0.30235758423805237
6979 0.3024929165840149
7922 0.3035155236721039
4126 0.30408474802970886
12242 0.3050105571746826
3651 0.30534613132476807
2992 0.3055955767631531
12017 0.3056119978427887
2329 0.3062848150730133
93 0.30676090717315674
8548 0.3078225255012512
3601 0.30792614817619324
3667 0.30835461616516113
3809 0.308484822511673
4110 0.308543860912323
11011 0.3085756301879883
1826 0.3089381158351898
10954 0.30918440222740173
9316 0.31133967638015747
9969 0.3118513226509094
5367 0.31257882714271545
8877 0.3135283887386322
8994 0.3136134147644043
1796 0.3138127028942108
8143 0.31387951970100403
11561 0.3144840896129608
1588 0.31502506136894226
6796 0.3150501549243927
3594 0.31538957357406616
5054 0.3154240548610687
6522 0.315932959318161
1269 0.31605586409568787
4875 0.31674709916114807
3546 0.31698688864707947
1020 0.31703224778175354
3134 0.3172694742679596
3412 0.3173999786376953
3508 0.31758758425712585
5311 0.31816184520721436
3550 0.31841954588890076
5535 0.3184470534324646
5783 0.3184882402420044
4757 0.3187159597873688
4719 0.3190747797489166
2291 0.31935232877731323
12460 0.3193820118904114
40 0.31954678893089294
468 0.31986260414123535
11093 0.319938600063324
288 0.32000356912612915
11707 0.3203708231449127
7385 0.3205703794956207
2591 0.32196858525276184
1766 0.32269102334976196
4737 0.32278740406036377
1239 0.323127418756485
686 0.32321950793266296
9575 0.323411226272583
9742 0.32341423630714417
5653 0.32346534729003906
100 0.3234914243221283
9375 0.32396894693374634
8290 0.3240486681461334
5190 0.32425233721733093
7457 0.32437244057655334
726 0.3246628940105438
11456 0.32522156834602356
5001 0.3253141939640045
32 0.3253630995750427
4165 0.32552555203437805
6358 0.32589802145957947
5232 0.3259815275669098
111 0.32619327306747437
5112 0.3263363242149353
11211 0.3263765573501587
2060 0.3265135884284973
5407 0.3266160786151886
117 0.32706841826438904
2909 0.3274374306201935
2774 0.328001469373703
456 0.32810285687446594
1659 0.3283858597278595
9585 0.3284395933151245
11906 0.32851311564445496
5080 0.3286336362361908
3891 0.328744500875473
8607 0.32913869619369507
225 0.32959386706352234
5899 0.32962512969970703
3825 0.3298036754131317
6779 0.33015888929367065
666 0.33035340905189514
7465 0.33037787675857544
3403 0.33048391342163086
9344 0.3304981589317322
224 0.33054572343826294
11305 0.33084726333618164
1282 0.3312704861164093
9664 0.3315742015838623
4913 0.33176130056381226
4254 0.33195242285728455
3094 0.3323832154273987
963 0.3324374854564667
182 0.33254823088645935
10637 0.3331497609615326
3674 0.33341169357299805
245 0.3336446285247803
10976 0.3341308534145355
4859 0.33415064215660095
4964 0.33430132269859314
6368 0.33433225750923157
1145 0.3345717489719391
11477 0.3348883092403412
303 0.33508071303367615
10907 0.33535516262054443
59 0.3356013298034668
1423 0.3359168469905853
8 0.3359799087047577
11954 0.33604010939598083
3449 0.3361252248287201
7310 0.3361837565898895
10215 0.33625268936157227
10101 0.33665481209754944
4548 0.3368927240371704
10432 0.3370992839336395
9384 0.3372008800506592
160 0.33738064765930176
21 0.33748340606689453
5051 0.338351845741272
131 0.3387893736362457
3307 0.33886823058128357
122 0.33917179703712463
1292 0.3392110764980316
5424 0.3392442464828491
10660 0.33984649181365967
10539 0.33985623717308044
2569 0.3401266038417816
7961 0.34027329087257385
298 0.34042122960090637
11190 0.3405133783817291
11024 0.3408517837524414
243 0.34091123938560486
25 0.3409738540649414
7366 0.34106770157814026
58 0.3411107063293457
11653 0.34122583270072937
106 0.3413212299346924
1533 0.3413878381252289
11651 0.342160701751709
45 0.3423403203487396
5388 0.34265053272247314
128 0.3431144952774048
104 0.34386372566223145
19 0.3445814847946167
1302 0.34463736414909363
261 0.3446693420410156
57 0.34498095512390137
5632 0.345073938369751
7062 0.3451649248600006
183 0.3453875482082367
135 0.3454340994358063
3127 0.34588178992271423
291 0.34684666991233826
251 0.3470390737056732
148 0.3473619520664215
175 0.3476525843143463
3131 0.3478999137878418
172 0.34793829917907715
10973 0.3481728136539459
258 0.3481996953487396
11664 0.3484107553958893
132 0.3484458923339844
2177 0.34853652119636536
276 0.34869638085365295
7490 0.3487487733364105
7534 0.34888434410095215
285 0.34910979866981506
12013 0.3492831289768219
411 0.3500443398952484
254 0.35020017623901367
9005 0.35041776299476624
176 0.3506276309490204
9643 0.3508343994617462
199 0.35110870003700256
138 0.351414293050766
47 0.35167062282562256
24 0.35168567299842834
1 0.35205116868019104
8965 0.3521094024181366
5543 0.35227736830711365
7529 0.35254016518592834
133 0.3526339530944824
10786 0.35266032814979553
85 0.3528244197368622
7888 0.3534965515136719
5826 0.35355934500694275
185 0.3540210425853729
46 0.3541884422302246
6171 0.35463857650756836
6719 0.35476088523864746
118 0.3548462688922882
223 0.35532745718955994
191 0.3553904592990875
7215 0.35545778274536133
221 0.35556355118751526
11892 0.3557928502559662
253 0.35590338706970215
231 0.35624608397483826
205 0.356264591217041
9145 0.35641586780548096
3664 0.35664185881614685
3286 0.35671529173851013
112 0.3568240702152252
206 0.3570767343044281
3325 0.35767802596092224
10668 0.35778141021728516
255 0.35799121856689453
9923 0.3581252098083496
229 0.35817527770996094
10309 0.3582139015197754
1324 0.35827937722206116
55 0.35844847559928894
11677 0.35846924781799316
92 0.35848355293273926
2828 0.3589054048061371
79 0.35912027955055237
143 0.35964903235435486
234 0.3596782684326172
42 0.3597640097141266
10360 0.359780877828598
6 0.3597913682460785
4466 0.36026597023010254
65 0.3603476583957672
146 0.3606795370578766
7180 0.36068353056907654
36 0.36102592945098877
144 0.36171451210975647
297 0.36177173256874084
10621 0.362734317779541
2581 0.36300477385520935
274 0.36308836936950684
49 0.3630887567996979
233 0.36314496397972107
188 0.36325716972351074
6342 0.36358699202537537
53 0.36373522877693176
184 0.3639656603336334
4118 0.3642336428165436
8475 0.3646439015865326
64 0.3647231161594391
264 0.3647575378417969
1277 0.3649818003177643
242 0.36498522758483887
6879 0.3651423454284668
12201 0.365619421005249
71 0.36577728390693665
74 0.3658066689968109
12533 0.3659093379974365
212 0.3659982979297638
29 0.36605048179626465
78 0.36636924743652344
296 0.3664875030517578
9839 0.3666907250881195
69 0.3675086200237274
82 0.3676719665527344
11592 0.3682386875152588
186 0.3686087131500244
43 0.3688220977783203
200 0.36896052956581116
11381 0.3692981004714966
34 0.3693908751010895
256 0.3696422278881073
177 0.3696609437465668
120 0.3696829378604889
97 0.3697320520877838
123 0.36974427103996277
271 0.3699961006641388
5678 0.37115249037742615
9003 0.37117359042167664
125 0.37118449807167053
9802 0.3714822232723236
170 0.3715914189815521
31 0.3719782829284668
3 0.37265685200691223
228 0.3726896345615387
136 0.3730590343475342
275 0.3731384575366974
84 0.3732236325740814
16 0.37340879440307617
30 0.3737187087535858
107 0.37404534220695496
230 0.3743475377559662
1199 0.37439846992492676
259 0.3745481073856354
11315 0.3746178150177002
91 0.3746515214443207
137 0.37495335936546326
9360 0.37505650520324707
821 0.3751724064350128
214 0.3752419948577881
14 0.3755439817905426
152 0.37578436732292175
130 0.37643492221832275
238 0.3764535188674927
86 0.3765190839767456
195 0.3765530586242676
168 0.3768957853317261
28 0.3770434856414795
10 0.3772120177745819
139 0.3776266872882843
4 0.3778867721557617
142 0.3780498504638672
11747 0.37806329131126404
268 0.37839746475219727
134 0.3785194456577301
270 0.37899288535118103
17 0.3789950907230377
115 0.3791515827178955
295 0.37916088104248047
219 0.37917956709861755
4943 0.3793053925037384
26 0.3801954686641693
62 0.3803892135620117
60 0.3818323612213135
179 0.38191238045692444
81 0.3819313049316406
154 0.38196706771850586
88 0.38197222352027893
2 0.3822479248046875
124 0.3825932741165161
215 0.3826726973056793
203 0.38276156783103943
165 0.3831712305545807
239 0.3832660913467407
8476 0.38331103324890137
249 0.38345375657081604
189 0.3835383951663971
218 0.38374948501586914
162 0.38378143310546875
210 0.38388684391975403
113 0.38390079140663147
121 0.384375661611557
187 0.38461557030677795
161 0.38463839888572693
299 0.3847090005874634
103 0.3847402036190033
263 0.38490667939186096
240 0.38503727316856384
105 0.3857276141643524
110 0.3857954740524292
277 0.3858427107334137
54 0.3858828544616699
94 0.38649746775627136
99 0.3867446482181549
192 0.38708528876304626
5 0.38760724663734436
158 0.38796862959861755
44 0.3882924020290375
38 0.388412743806839
174 0.3884936273097992
294 0.3888227641582489
279 0.38895973563194275
284 0.38907742500305176
48 0.38914093375205994
202 0.38932475447654724
267 0.38942742347717285
56 0.38961735367774963
5115 0.3897806406021118
193 0.3900781571865082
159 0.39014431834220886
198 0.3902156352996826
108 0.39027199149131775
27 0.3903144896030426
289 0.3903765380382538
171 0.39044058322906494
90 0.39058151841163635
227 0.3910512924194336
20 0.3910956382751465
83 0.3916568458080292
9 0.3916570246219635
194 0.3921729028224945
9894 0.3922833502292633
281 0.39254844188690186
208 0.392598420381546
76 0.39294299483299255
269 0.3929530680179596
232 0.39333009719848633
209 0.3938094675540924
220 0.39404961466789246
241 0.3941713869571686
89 0.39430370926856995
157 0.39439913630485535
73 0.394424170255661
286 0.39469900727272034
201 0.3948557376861572
98 0.39637765288352966
180 0.39643415808677673
18 0.39680373668670654
41 0.3978101313114166
13 0.39797064661979675
164 0.39798274636268616
257 0.3982367515563965
181 0.3984980583190918
166 0.3986426591873169
37 0.3993607461452484
77 0.39947399497032166
216 0.3995002508163452
250 0.3996036946773529
126 0.40005430579185486
222 0.40111610293388367
273 0.40118107199668884
0 0.4017765522003174
15 0.40358319878578186
252 0.4036191403865814
10487 0.40401676297187805
102 0.4040447771549225
61 0.4043634831905365
68 0.40443408489227295
75 0.40457460284233093
226 0.40458083152770996
272 0.40586531162261963
119 0.4072718322277069
67 0.40798458456993103
22 0.40847834944725037
260 0.40852880477905273
262 0.40857502818107605
51 0.4093942642211914
116 0.4099789559841156
163 0.4100441634654999
292 0.41007915139198303
153 0.4102669954299927
173 0.4102769196033478
236 0.4104960262775421
211 0.4105028212070465
169 0.4109286069869995
235 0.4109776020050049
266 0.4111953675746918
101 0.4112647771835327
248 0.41140493750572205
178 0.41186532378196716
246 0.41215816140174866
11 0.41223493218421936
145 0.4127584993839264
247 0.4128156006336212
66 0.4135221540927887
140 0.41455522179603577
204 0.41551288962364197
80 0.4155175983905792
52 0.4165400266647339
265 0.4174216687679291
63 0.41776928305625916
87 0.41861534118652344
283 0.4189054071903229
149 0.4197750985622406
290 0.4207428991794586
7 0.4209778308868408
109 0.4215705394744873
23 0.4231744706630707
217 0.4238347113132477
196 0.42478370666503906
70 0.42601776123046875
50 0.4266788959503174
12 0.4277684986591339
150 0.42836514115333557
72 0.4284726083278656
213 0.4298587739467621
244 0.4331550598144531
35 0.4334668815135956
39 0.4352094233036041
151 0.4381386935710907
280 0.44152745604515076
190 0.4449341595172882
287 0.44692620635032654
156 0.44762086868286133
197 0.44984185695648193
278 0.44986069202423096
293 0.4508734941482544
282 0.4561649262905121
33 0.4574326276779175
127 0.45975664258003235
114 0.4613235890865326
237 0.46621084213256836
207 0.47696802020072937
141 0.4784958064556122
155 0.4818677604198456
96 0.4826993942260742
95 0.49417567253112793
129 0.4971229135990143
147 0.5467022061347961
Stop signs include: 242/270, Total include: 300/563